> GMT_LONLATDEPTH
 215.70  59.20   6.51
 215.05  59.15   6.98
 214.87  59.14   7.20
 214.71  59.13   7.40
 214.52  59.11   7.67
 214.24  58.97   7.57
 214.15  58.89   7.39
 214.01  58.78   7.22
 214.00  58.77   7.19
 213.91  58.70   7.08
 213.81  58.62   6.98
 213.72  58.52   6.81
 213.67  58.43   6.57
 213.60  58.32   6.30
 212.40  57.63   7.51
 212.26  57.51   7.35
 212.17  57.41   7.14
 212.05  57.34   7.04
 211.89  57.29   7.02
 211.74  57.26   7.04
 211.49  57.23   7.12
 211.16  57.10   6.73
 211.03  57.04   6.64
 210.99  57.03   6.67
 210.90  56.99   6.66
 210.81  56.95   6.68
 210.67  56.89   6.74
 210.54  56.84   6.84
 210.42  56.79   6.92
 210.24  56.72   7.05
 210.09  56.66   7.13
 209.95  56.57   7.03
 209.82  56.50   6.99
 209.69  56.45   7.04
 209.53  56.40   7.20
 209.39  56.38   7.48
 209.21  56.32   7.70
 209.09  56.25   7.69
 208.96  56.18   7.68
 208.87  56.12   7.60
 208.70  56.07   7.76
 208.56  56.02   7.79
 208.42  55.98   7.82
 208.24  55.93   7.80
 208.08  55.89   7.82
 207.93  55.85   7.87
 207.79  55.81   7.92
 207.64  55.78   8.04
 207.46  55.74   8.07
 207.31  55.70   7.94
 207.16  55.65   7.71
 207.03  55.60   7.51
 206.89  55.55   7.44
 206.78  55.52   7.51
 206.65  55.47   7.54
 206.50  55.41   7.59
 206.37  55.35   7.59
 206.26  55.32   7.69
 206.11  55.27   7.72
 205.97  55.23   7.73
 205.85  55.18   7.61
 205.73  55.14   7.57
 205.53  55.06   7.56
 205.42  55.01   7.60
 205.19  54.89   7.78
 205.07  54.82   7.83
 204.93  54.75   7.86
 204.77  54.67   7.76
 204.66  54.61   7.59
 204.61  54.60   7.61
 204.43  54.54   7.52
 204.26  54.49   7.48
 204.08  54.45   7.53
 203.98  54.42   7.51
 203.82  54.39   7.58
 203.68  54.36   7.61
 203.53  54.33   7.62
 203.36  54.28   7.51
 203.20  54.25   7.44
 203.06  54.22   7.38
 202.94  54.20   7.37
 202.78  54.17   7.34
 202.63  54.13   7.24
 202.53  54.11   7.22
 202.35  54.08   7.27
 202.19  54.05   7.32
 202.04  54.02   7.35
 201.87  53.99   7.37
 201.72  53.96   7.36
 201.57  53.94   7.44
 201.43  53.91   7.47
 201.28  53.88   7.56
 201.14  53.85   7.64
 201.01  53.82   7.69
 200.87  53.79   7.74
 200.74  53.76   7.76
 200.58  53.73   7.82
 200.42  53.70   7.88
 200.26  53.67   7.91
 200.13  53.64   7.94
 199.97  53.61   8.12
 199.81  53.58   8.40
 199.70  53.56   8.58
 199.54  53.53   8.74
 199.41  53.50   8.71
 199.27  53.48   8.79
 199.12  53.45   8.78
 198.95  53.43   8.87
 198.79  53.41   8.89
 198.64  53.38   8.80
 198.50  53.36   8.84
 198.34  53.33   8.86
 198.21  53.30   8.85
 198.05  53.26   8.83
 197.92  53.23   8.85
 197.77  53.20   8.90
 197.63  53.17   8.91
 197.48  53.13   8.83
 197.34  53.10   8.82
 197.20  53.07   8.79
 197.06  53.04   8.74
 196.91  53.00   8.57
 196.76  52.97   8.52
 196.62  52.94   8.49
 196.49  52.90   8.43
 196.35  52.87   8.55
 196.23  52.85   8.73
 196.10  52.81   8.77
 195.97  52.78   8.88
 195.85  52.75   8.96
 195.70  52.71   9.00
 195.58  52.68   9.01
 195.43  52.64   8.90
 195.29  52.61   8.79
 195.16  52.58   8.64
 195.02  52.55   8.51
 194.90  52.52   8.37
 194.75  52.48   8.19
 194.35  52.37   8.19
 194.20  52.33   8.29
 194.06  52.30   8.45
 193.93  52.26   8.54
 193.78  52.22   8.66
 193.64  52.19   8.78
 193.52  52.15   8.73
 193.38  52.12   8.74
 193.25  52.09   8.69
 193.11  52.06   8.62
 192.97  52.04   8.65
 192.82  52.00   8.44
 192.68  51.97   8.35
 192.51  51.93   8.29
 192.39  51.90   8.31
 192.24  51.87   8.47
 192.11  51.83   8.55
 191.96  51.80   8.79
 191.83  51.77   8.97
 191.68  51.73   9.12
 191.53  51.69   9.20
 191.40  51.65   9.15
 191.27  51.61   9.00
 191.13  51.58   8.92
 190.99  51.54   8.74
 190.86  51.50   8.56
 190.71  51.47   8.61
 190.59  51.43   8.54
 190.45  51.39   8.59
 190.32  51.36   8.74
 190.19  51.32   8.83
 190.06  51.29   8.97
 189.92  51.25   9.00
 189.77  51.22   9.07
 189.62  51.19   9.09
 189.47  51.16   9.09
 189.33  51.14   9.18
 189.18  51.11   9.17
 189.04  51.08   9.12
 188.91  51.05   9.05
 188.77  51.03   9.11
 188.62  51.01   9.19
 188.46  50.98   9.16
 188.33  50.97   9.31
 188.17  50.95   9.41
 188.02  50.93   9.44
 187.88  50.92   9.50
 187.73  50.91   9.50
 187.58  50.89   9.36
 187.44  50.88   9.38
 187.29  50.86   9.31
 187.15  50.85   9.36
 187.01  50.83   9.23
 186.87  50.82   9.21
 186.70  50.81   9.19
 186.55  50.79   8.99
 186.40  50.78   8.93
 186.26  50.76   8.64
 186.13  50.75   8.53
 185.97  50.73   8.37
 185.83  50.71   8.36
 185.69  50.69   8.46
 185.54  50.66   8.44
 185.40  50.64   8.57
 185.27  50.62   8.71
 184.68  50.55   9.11
 184.53  50.54   9.14
 184.38  50.53   9.03
 184.24  50.51   8.62
 184.09  50.50   8.35
 183.94  50.48   8.07
 183.80  50.47   8.04
 183.65  50.45   7.93
 183.51  50.43   7.81
 183.36  50.42   7.88
 183.22  50.41   7.96
 183.08  50.40   8.08
 182.93  50.39   8.28
 182.79  50.38   8.58
 182.65  50.37   8.88
 182.49  50.37   9.22
 182.35  50.36   9.15
 182.20  50.35   8.97
 182.06  50.34   8.81
 181.92  50.34   8.87
 181.78  50.33   8.92
 181.63  50.33   9.08
 181.48  50.33   9.16
 181.35  50.32   9.05
 181.20  50.32   8.97
 181.04  50.32   8.88
 180.90  50.32   8.84
 180.75  50.32   8.81
 180.61  50.33   8.88
 180.46  50.33   8.88
 180.32  50.32   8.80
 180.17  50.32   8.83
 180.03  50.32   8.87
 179.89  50.33   9.01
 179.73  50.33   9.09
 179.58  50.33   9.12
 179.43  50.33   9.08
 179.27  50.34   9.06
 179.13  50.34   8.91
 178.98  50.35   8.85
 178.83  50.37   8.89
 178.69  50.38   8.83
 178.54  50.40   8.86
 178.40  50.42   8.88
 178.25  50.44   8.86
 178.11  50.46   8.86
 177.97  50.48   8.91
 177.82  50.50   8.97
 177.67  50.54   9.36
 177.52  50.57   9.56
 177.37  50.60   9.73
 177.21  50.64   9.96
 177.06  50.67   9.97
 176.91  50.71  -10.00
 176.76  50.75   9.91
 176.61  50.79   9.74
 176.46  50.83   9.53
 176.30  50.87   9.29
 176.16  50.92   9.24
 176.03  50.95   9.09
 175.85  51.00   9.13
 175.72  51.03   9.18
 175.55  51.07   9.39
 175.42  51.05   8.92
 175.26  51.04   8.78
 175.12  51.06   9.06
 174.97  51.11   9.54
 174.82  51.17   9.87
 174.68  51.20   9.71
 174.53  51.24   9.60
 174.40  51.26   9.47
 174.26  51.29   9.53
 174.11  51.31   9.50
 173.97  51.33   9.37
 173.84  51.36   9.21
 173.70  51.40   9.05
 173.56  51.45   9.10
 173.42  51.48   9.03
 173.28  51.51   9.07
 173.13  51.54   9.10
 173.00  51.59   9.52
 172.85  51.64   9.68
 172.68  51.68   9.24
 171.90  51.92   8.24
 171.69  51.96   8.02
 171.56  51.99   7.98
 171.39  52.07   8.29
 171.36  52.09   8.38
 171.18  52.20   8.68
 171.08  52.27   8.79
 170.98  52.34   8.88
 170.79  52.41   8.62
 170.66  52.46   8.53
 170.59  52.49   8.56
 170.40  52.55   8.58
 170.26  52.60   8.77
 170.15  52.64   8.89
 169.98  52.69   8.80
 169.87  52.73   8.76
 169.76  52.76   8.62
 169.56  52.81   8.42
 169.35  52.85   8.23
 169.21  52.88   8.18
 168.78  53.02   7.98
 168.64  53.08   7.80
 168.55  53.15   7.78
 168.42  53.26   7.70
 168.34  53.33   7.67
 168.21  53.43   7.73
